0 0 0
107 0 4988
122 107
9665 0
119 107 1113 122 6241
0 114 0 129 107 638 122 483 114 122 107 705 0 262 275 235 8958 200 520 197 122 0 6241 855 351 0 200 1845 119 200 6539 114 4785 151 200 4127
1204 124 114 124 200 5892 855 200 2104 0 197 107 9665 0 6307 114 855 200 1220 6724 0 107 9665 0 114 107 9665 1891 2768 1204 7560 124 200 7597 1204 175 6841 151 107 768 1283 119 9057 1288 235 273 0 140 1283 114 124 223 200 124 1845 129 0 114 223 4165 0 129 8721 178 123 129 107 427 173 200 536 1864 235 4785 129 835 4417 122 2987
172 0 107 768 122 107 1113 122 6241 119 107 0 122 6241 114 119 107 124 4379 122 9665 0 119 132 1908 114 0 107 551 197 122 140 768 223 31 4685 1113 114 4988 780 166 124 107 768 450 318 154 387 132 124 2085 223 107 4986 122 107 9665 1113 129 589 7356 107 9665 1113 194 124 322 768 119 0 4127 114 6719 1797 1184 4285 107 1236 789 1916 1180 266 194 124 154 129 1227 2679 173 140 0 768 114 372 123 154 129 1227 129 107 651 122 107 623 172 0 3264 107 9665 0 168 31 1908 0 1062 114 172 6988 265 1597 114 107 1597 122 265 0 119 107 1132 122 1276 4127 122 1276 0 114 1276 197 1604 107 0
107 9665 0 163 124 119 114 0 0 107 6920 122 589 0 114 0 107 0 0 7077 114 4330 2907 3444 6314 114 3444 0 119 219 1276 3047 114 0 1276 5743 119 5097 107 3654 114 7744 122 107 1507 5598 114 122 219 1276 2478 123 219 107 1845 122 107 5598 6107 114 271 122 107 0 5925 124 223 182 0 4988 275 194 6443 31 0 262 107 0 129 107 1236
1661 265 1227 194 1225 107 0 1283 151 107 515 122 31 0 0 4988 0 122 107 1507 1113 122 6241 114 124 223 107 0 122 219 200 479 114 1618 107 0 4988 0 124 210 0 107 4330 114 6724 3280 122 107 0 129 1544 151 107 1113
172 698 107 1132 122 107 9665 0 587 107 8164 122 107 481 758 483 693 4368 172 0 367 265 1227 114 172 594 140 128 316 313 5454 140 1132 210 3792 154 223 8426 0 243 0 129 186 0 764 107 9665 5598 388 223 1276 2715 114 7597 114 223 107 8140 122 1276 1845 119 6754 1614 151 107 1472 279 1438 1288 1576 122 107 0 7039 119 275 154 163 1928
